-1.000000000000000000e+01 -9.996605981396450034e+02
-9.797979797979797567e+00 -9.117237149737077289e+02
-9.595959595959595134e+00 -7.879616437154072628e+02
-9.393939393939394478e+00 -6.727737324890923674e+02
-9.191919191919192045e+00 -6.301062569774637723e+02
-8.989898989898989612e+00 -6.875550294198509391e+02
-8.787878787878787179e+00 -6.392563110947780842e+02
-8.585858585858586522e+00 -5.360764494609409212e+02
-8.383838383838384090e+00 -4.998070735716391937e+02
-8.181818181818181657e+00 -3.537835860358300124e+02
-7.979797979797979224e+00 -2.611268658525253841e+02
-7.777777777777777679e+00 -3.097673706963309428e+02
-7.575757575757576134e+00 -1.885961698665375934e+02
-7.373737373737373701e+00 -1.713849569717246482e+02
-7.171717171717171269e+00 -1.082839450276301534e+02
-6.969696969696969724e+00 -9.423742987589130848e+01
-6.767676767676768179e+00 -1.545815922625818075e+02
-6.565656565656565746e+00 -7.841391506384931631e+01
-6.363636363636363313e+00 -1.110334529742668792e+02
-6.161616161616161769e+00 1.990000417322445969e+01
-5.959595959595959336e+00 2.473159474970429983e-01
-5.757575757575757791e+00 1.529978848808147518e+01
-5.555555555555555358e+00 -8.084454474160932591e+01
-5.353535353535353813e+00 -5.564239064865524398e+01
-5.151515151515151381e+00 -5.294778057935891269e+01
-4.949494949494949836e+00 7.102922708392665641e+01
-4.747474747474747403e+00 1.938283423660152494e+01
-4.545454545454545858e+00 1.479332226523949316e+02
-4.343434343434343425e+00 1.114808174993217023e+02
-4.141414141414141881e+00 9.285213518384297515e+01
-3.939393939393939448e+00 1.386155400285998667e+02
-3.737373737373737903e+00 1.016208839259034562e+02
-3.535353535353535470e+00 4.200675216060503914e+01
-3.333333333333333037e+00 2.302160567350670703e+02
-3.131313131313131493e+00 1.592111437411880104e+02
-2.929292929292929060e+00 8.827098448736296632e+01
-2.727272727272727515e+00 1.016203202118101103e+02
-2.525252525252525082e+00 1.969943248248673626e+02

4.949494949494949836e+00 6.267629387346029546e+01
5.151515151515150492e+00 2.409850439571247875e+02
5.353535353535352925e+00 7.903015364161244349e+01
5.555555555555555358e+00 2.379147664578219405e+02
5.757575757575757791e+00 2.910285569867412505e+02
5.959595959595958448e+00 2.029880578285420256e+02
6.161616161616162657e+00 2.895515182680868520e+02
6.363636363636363313e+00 2.047208545780524105e+02
6.565656565656563970e+00 2.041904348668661839e+02
6.767676767676768179e+00 2.278683620179218394e+02
6.969696969696968836e+00 2.465541294199317974e+02
7.171717171717173045e+00 3.289095285266474775e+02
7.373737373737373701e+00 3.780174004854663963e+02
7.575757575757574358e+00 4.932312546559099928e+02
7.777777777777778567e+00 5.555596683770472737e+02
7.979797979797979224e+00 4.878553478856255197e+02
8.181818181818179880e+00 5.921027109881518982e+02
8.383838383838384090e+00 6.384884090292555356e+02
8.585858585858584746e+00 7.715161610160838563e+02
8.787878787878788955e+00 7.217843470323468864e+02
8.989898989898989612e+00 7.720705701269159817e+02
9.191919191919190268e+00 9.578208128210540053e+02
9.393939393939394478e+00 9.407491027898280436e+02
9.595959595959595134e+00 1.096014436998085785e+03
9.797979797979799343e+00 1.188516125605314755e+03
1.000000000000000000e+01 1.172783280745385582e+03